1289956071537172484	1046084008742801408
1171388755	1046084008742801408
548904824	589687384
548904824	1246657358844923904
779784931	255409050
612277839	17600950
1306834920992436224	790856528
1208708548911173632	917735162300981248
61379637	1055115112837668864
255409050	1191666951992426496
446085902	432507102
1285982672246804481	991735877704368128
1285982672246804481	1214567991255257088
1285982672246804481	1046084008742801408
1285982672246804481	114363810
1084991187692343296	100447031
548904824	1291199187908870144
1065277176075837441	2177595727
1065277176075837441	1440898064
1140580617282711552	978467831200202752
1114184483010273280	1209457724599095296
490466901	4923019812
1299110116923301888	2205285126
255409050	772369903542153217
255409050	1265045853611479040
255409050	1185895125408309251
260630088	1562201468
190466697	580898398
1062156210089078787	4923019812
131844669	100447031
107284416	469164572
1089686965140635648	100447031
255409050	233453602
255409050	1092600230036496384
3343590853	100447031
255409050	1092600230036496384
1038285971639361536	1041242686429118464
255409050	1729592713
1055820014303891457	548904824
47251468	53351360
1147495568106594309	1482254538
956554895305277440	1185301570985979904
956554895305277440	1201673806156161025
548904824	1055820014303891457
1259062781258563585	1046084008742801408
390463409	731877853
2275398032	1562201468
255409050	1033994528523354112
399908198	480224156
1039020360748822529	1230129329893343232
1039020360748822529	719254478
1055820014303891457	548904824
1087776739462328320	432507102
399908198	117949111
33969796	154102750
1205500580203880449	1046084008742801408
982557721575608320	1144500700623192065
453158328	1128331569398108160
1282680756586700805	1186628784121737217
255409050	1297296847854170112
548904824	1863148884
2178259356	150589950
79237556	393823624
1201837568561561604	1143379692763791361
1201837568561561604	1244113314398875649
1322221722	1046084008742801408
1026714525360242688	2692774170
255409050	217731071
548904824	1014768930533994498
1186628784121737217	1282680756586700805
1253422351389089792	1152437175587241985
1607486988	150589950
1153916332867383296	1046084008742801408
292418952	270471441
1582231352	4187275698
255409050	2592311312
928467531278385152	270471441
1562980801	480224156
95378213	548904824
95378213	393823624
255409050	917675732079329280
1266551312679702528	1309053685343940608
548904824	1203582603934105602
548904824	1203582603934105602
280887840	1046084008742801408
1661531498	1068065299214163968
1311231067332829184	126557271
154072765	270471441
1259729822638456833	982557721575608320
1307953293386104833	100447031
1286260034783965185	1046084008742801408
1004762695558549505	1185779360738893824
820687535244382212	1189893401514102784
1308719799418011648	1307313214233878529
1303265619266076675	1307313214233878529
255409050	233453602
255409050	3355706668
255409050	768731685575729152
1101347353045291008	1384483754
1068065299214163968	1249488321522200576
1203582603934105602	548904824
1150431105637470208	1068065299214163968
255409050	3355706668
255409050	768731685575729152
1308007579658854400	971781658679521287
548904824	1203582603934105602
255409050	768731685575729152
729229672349765632	255409050
255409050	1291193792104603648
949525285828833280	913060739249725447
1147495568106594309	1482254538
255409050	768731685575729152
1251599111176032256	1084456172395016193
3029106588	243559885
1267453193400627201	1072038735456268288
811322074098610176	1292095636485988353
811322074098610176	1046084008742801408
255409050	1288111697224282112
733470255104675840	393823624
733470255104675840	1288684029022056449
1256844831562674176	548904824
1799511535	1046084008742801408
1106809957586919424	1046084008742801408
255409050	1112181774992314368
633015497	17600950
102950242	1227029291398885376
2372116789	5511
255409050	4201441519
255409050	1177841654759219200
800321982	1384483754
512719709	1542749965
512719709	6256122
512719709	1046084008742801408
982557721575608320	73767906
1077389505676509185	1174262924849889281
1265116008345251840	1269496148655353857
952353381405753345	7101692
1577068981	1046084008742801408
1225084021035503616	1046084008742801408
1020722699558010880	1384483754
735444618515353601	1384483754
2166258811	1384483754
255409050	1206669167589330944
512650978	1304156379494506497
512650978	1258217714675601408
512650978	1300217495190601736
1203582603934105602	548904824
255409050	863337891019149312
255409050	1524416606
126627407	548904824
126627407	466318389
548904824	2489107034
1251599111176032256	1046084008742801408
888478394	349578790
888478394	803235787139448832
888478394	38903784
255409050	1206669167589330944
636687995	393823624
1133727488805199872	385847559
1133727488805199872	1131120079523811329
1133727488805199872	1046084008742801408
548904824	466318389
1124503709398982656	150589950
60246233	393823624
1034022134434037761	417802187
278956685	1446152389
1187209594117844992	255409050
1187209594117844992	1305965279931846656
1263732791574814721	393823624
1135165621614682112	982557721575608320
1098783352914464768	63433517
1278484524423208960	1384483754
255409050	1305965279931846656
3165148650	456426648
1272954378194829312	1197225394866282496
2534712018	1384483754
548904824	1300060167417942016
1119071280706117632	1046084008742801408
3138164060	1046084008742801408
255409050	884736227064266752
841586689977991168	393823624
1281786857219452928	408347904
1693403720	1046084008742801408
1218411345399255040	388732476
255409050	1285403202976755713
1251701346056540162	1295752428294348800
884736227064266752	255409050
255409050	884736227064266752
1313449730	237630256
1313449730	271326777
1313449730	469164572
1313449730	271326777
1287109628489211910	1125515406611869696
884736227064266752	255409050
1285403202976755713	255409050
1216999417833590784	1301725946131619840
255409050	1524416606
773041156791808000	100447031
1304395991425019904	823823431359557633
982557721575608320	1272879108867846144
255409050	188642114
913060739249725447	949525285828833280
1083701907581853696	17600950
1119071280706117632	1046084008742801408
72514550	742765756945813504
255409050	1264891396881694722
1218102564	1084456172395016193
2461536675	393823624
3113212893	1209457724599095296
306206607	17874894
1151897617950892032	1687719397
306206607	17874894
1274561564943585281	1288684029022056449
255409050	917440593877278720
306206607	17874894
3187145372	1255457771237134342
3187145372	1285212293744046080
3187145372	1201673806156161025
1068065299214163968	1453648622
1261581807213899783	1305081446067970048
1240105510545682433	1174292355630821377
255409050	1306874818839494656
255409050	1372201550
3288231804	903579621395804160
255409050	1649606504
1009190538	7513792
2737358840	1046084008742801408
1659294566	30648872
1659294566	469164572
1659294566	1288684029022056449
2456958924	255409050
2456958924	177502901
548904824	245582614
1176020556073730050	393823624
725092290	1043783584262180864
531874250	1046084008742801408
255409050	177502901
2404776824	548904824
321326707	1384483754
838777607915130882	949525285828833280
1523820925	4187275698
1152557665874137091	1384483754
958585682758438912	949525285828833280
1262353194916515840	2866798189
1262353194916515840	1046084008742801408
1304113243	4187275698
548904824	365850706
1262353194916515840	2866798189
1262353194916515840	1046084008742801408
255409050	1078965512963387394
1239462091364302853	82552414
255409050	1196040384591220736
498888857	1384483754
1236866566249046017	1384483754
948778579101302787	393823624
1219500656844664832	1384483754
255409050	833217376271241216
255409050	902122958918963200
255409050	3848731
2930415702	23343960
1232998079843815424	61379637
1262353194916515840	2866798189
1262353194916515840	1046084008742801408
100809115	1041673238928011264
255409050	1119217226085650432
1267485718970011648	1111061652726677504
1274269548779200512	1266718945320382467
255409050	878946816
1293416625459171330	1080830048054046720
982557721575608320	7870952
1309512706127323143	2245005821
1309512706127323143	366987179
255409050	1005567776029724678
365850706	548904824
1304355115499794432	1176343710344237057
1304355115499794432	1530836610
1152215992073719811	4187275698
72514550	255409050
72514550	1181350639458062337
151539457	408347904
255409050	1073996516308660224
1102269503772123137	1046084008742801408
1138632001450196995	1075878948507127808
1138632001450196995	548904824
255409050	1095000764198473728
982557721575608320	1266040205565280257
1291656556191166466	1297395774154616835
255409050	1181350639458062337
364069058	4187275698
3104849749	4187275698
832210014458646528	131476314
99247675	105316817
255409050	1066543303208787970
1555967400	4187275698
1311152902300291076	4187275698
1295443924316598273	863391
255409050	7543
1218720893657960449	1046084008742801408
2292588696	11628
2292588696	1151330911423627265
2292588696	1046084008742801408
82840898	4187275698
1038646592943734784	243559885
1057591645	4187275698
757585927988350976	1068065299214163968
1232069279773626369	23343960
255409050	1231137815368327168
1075878948507127808	548904824
255409050	463548010
255409050	463548010
547379032	393387753
255409050	1602761
255409050	1602761
294984760	2405996178
1304156379494506497	971781658679521287
840088645	1496061276
840088645	1068065299214163968
1165506604512342016	2802812322
548904824	225002757
1300060167417942016	548904824
1131234473125617664	30648872
1131234473125617664	469164572
1131234473125617664	1288684029022056449
1304156379494506497	1190837492318003200
1304156379494506497	1198155472869548032
1304156379494506497	1300050217912295425
1304156379494506497	1201673806156161025
1304156379494506497	1046084008742801408
255409050	1247753700182872068
1304156379494506497	1239524674163236865
1304156379494506497	1084456172395016193
1304156379494506497	1258217714675601408
1304156379494506497	1300217495190601736
255409050	1138432323261685761
582426192	548904824
1304156379494506497	740117078514900993
1304156379494506497	1046084008742801408
1275617523870785537	4187275698
1126447550087585792	100447031
1304156379494506497	191370036
548904824	561854365
255409050	1138432323261685761
1145508987707674624	4471841
237187314	1288684029022056449
237187314	1075673058931806208
237187314	255409050
2292588696	1151330911423627265
2292588696	11628
2292588696	1046084008742801408
1280707643565174784	1201673806156161025
1280707643565174784	548904824
1252019098713640961	1258689003970150400
255409050	779784931
1642806133	17600950
1642806133	255409050
2213205842	393354393
255409050	1037705443152343041
593664274	4187275698
1308303510211977216	469164572
44321053	4187275698
1258689003970150400	1252019098713640961
1199656165166108672	469164572
1244237450936868869	393823624
1244237450936868869	144679062
164619813	4187275698
1304156379494506497	16361221
1304156379494506497	1046084008742801408
779784931	255409050
1304156379494506497	868460733943513092
1304156379494506497	1099949677238091777
1304156379494506497	75167962
1304156379494506497	1046084008742801408
548904824	1115499231760924672
1134375434332672000	1183037206077689857
1134375434332672000	1046084008742801408
237187314	1288684029022056449
255409050	627868391
1020266583988432898	4187275698
1304156379494506497	1178610954084315136
1238082786776342529	471658915
1304156379494506497	1365451
1304156379494506497	1201373868507590657
1304156379494506497	1046084008742801408
1304156379494506497	61379637
243190376	1145659639750520832
1304156379494506497	306160379
1304156379494506497	604209448
1304156379494506497	1232953789197496320
1304156379494506497	1046084008742801408
1304156379494506497	774623540066648064
1304156379494506497	1046084008742801408
1304156379494506497	1046084008742801408
255409050	814289985595547648
132473686	4187275698
3391398021	63440729
3391398021	255409050
238530819	4187275698
1092543832527257602	1114710404012228608
1310532840572870656	548904824
851084756	4187275698
1366791030	1562201468
255409050	1247753700182872068
64924675	129257623
1328684875	1046084008742801408
64924675	1265624150212661251
1223977895313334272	1231960811582582785
107359046	4187275698
1310727904704294917	4187275698
1220371175873736704	1108363556662042625
901992856956440576	255409050
901992856956440576	393823624
1799440374	13122182
548904824	1017582500883730433
1077435761002045440	1285509482743623680
1077435761002045440	1084456172395016193
1077435761002045440	886813456875143168
940748424	1307946297060519936
1113089140516544512	1245293115495215104
1113089140516544512	1046084008742801408
1124273806351028224	1068065299214163968
855008917247545344	1619430174
568999509	1046084008742801408
918477942	100447031
1039639872	134533388
1039639872	1141379233
1298830081876361218	1046084008742801408
871084574	782936186939580416
255409050	963260986806362113
855008917247545344	69199790
855008917247545344	393823624
855008917247545344	4923019812
855008917247545344	100447031
855008917247545344	949184846
255409050	955978777628045312
3272816474	970501050430967808
3272816474	1259610527606755331
3272816474	13122182
855008917247545344	981989275
855008917247545344	393823624
855008917247545344	100447031
855008917247545344	4923019812
855008917247545344	949184846
991386809878827008	1966621470
3272816474	540721571
3272816474	1046084008742801408
855008917247545344	108416848
855008917247545344	393823624
855008917247545344	4923019812
855008917247545344	100447031
855008917247545344	949184846
1185473017008181250	990442105741893632
1119405713342619648	63433517
95037577	255409050
95037577	296025593
929662543	30648872
929662543	469164572
929662543	1288684029022056449
591452134	1695830533
929662543	393823624
929662543	30648872
929662543	469164572
929662543	1288684029022056449
929662543	255409050
929662543	142718499
929662543	248509197
929662543	100447031
4722272047	255409050
1188767202335313920	1046084008742801408
64924675	1223957484873764865
1507066362	366987179
1507066362	1288684029022056449
255409050	1074107864543719424
255409050	296025593
255409050	1002665712626720768
255409050	442431871
51573859	469164572
841670200923582466	893313470208253953
841670200923582466	22169698
841670200923582466	1490116879
2164691767	255409050
2164691767	393823624
255409050	1191022939908370432
1252070918	1284148746842849283
392693335	1046084008742801408
392693335	548904824
2962622095	754460
1088270024874151936	100447031
548904824	838298031132811264
1175941686901346306	393823624
255409050	1039314570546823168
255409050	393823624
1721632046	17600950
1068065299214163968	1086166010967670784
1261606012231938050	1394171874
750907235316957184	1060751875371261953
1068065299214163968	544135266
64924675	1223926907827146753
39027711	51476153
39027711	17128975
1637473135	955012357503139841
1161560984	100447031
770109696145514496	1054219330039119872
854709638	255409050
210686795	30648872
210686795	469164572
210686795	1288684029022056449
1131505766832017408	1216984181923708928
1098484324469432320	1241016981865693186
1251084607409119233	190016867
1084960468828020737	728318395
188759186	100447031
817231318408830977	1562201468
766801074200023040	548904824
715667594	100447031
255409050	788222900
4767124632	548904824
1262131193689956352	548904824
86627470	393823624
1135189785310457856	391822747
1135165621614682112	982557721575608320
982557721575608320	1135165621614682112
255409050	3271114957
1009013449072902144	255409050
1009013449072902144	2653531
1128483984327856128	946233063394045952
1145181854221254657	1046084008742801408
1307675880798318594	1226278445560152065
255409050	3271114957
1562980801	100447031
1160594387044167680	946233063394045952
1301437035484385281	1280103303829876736
1135165621614682112	982557721575608320
528152529	100447031
773690742669795328	1032065666
1186592124168335360	100447031
97996698	100447031
255409050	2653531
1207620598198763520	1201673806156161025
1068065299214163968	1117105955680874496
255409050	223449558
1280361298799165440	1205629250423779328
548904824	1127874560794087424
888709182	469164572
1002860795837874176	1135238233015480321
1068065299214163968	310156865
1008984260454203393	1004406108033695744
1008984260454203393	1562201468
1133629992099692544	1137304988714131456
1133629992099692544	1562201468
2177684286	393823624
1127874560794087424	548904824
1152790030789697536	1046084008742801408
982557721575608320	1100995614286860288
1008984260454203393	1562201468
982557721575608320	1241685280161009665
179340784	1046084008742801408
1297695524548567040	1268009816682688513
961555558200299520	1275700713578995712
1122062148	1217996995370967040
3081195862	1046084008742801408
2246109643	1046084008742801408
1249956779896651776	1046084008742801408
1072278467314573312	1562201468
1304156379494506497	215182296
1304156379494506497	30648872
929988287321686018	255409050
488396384	1046084008742801408
1173297211616088065	292019537
1262423028299730948	1046084008742801408
255409050	1298252811549806593
1178594108601823232	1046084008742801408
1122184969135083520	64924675
1122184969135083520	376601151
255409050	1396571928
1298252811549806593	255409050
2785228388	393823624
1160893028157968385	100447031
2617466382	623513
2617466382	1046084008742801408
2315067812	1068065299214163968
2315067812	63433517
255409050	184286999
1154441495946002432	1046084008742801408
357338207	1135238233015480321
1218786089458003968	393823624
1304156379494506497	215182296
1304156379494506497	30648872
184286999	255409050
554868621	469164572
1304156379494506497	215182296
1304156379494506497	30648872
1304156379494506497	1248255233433546754
1304156379494506497	1236123992215281664
1304156379494506497	17128975
1185042293020954626	393823624
1304156379494506497	936146334268121093
1304156379494506497	888478394
1304156379494506497	17128975
255409050	3131048062
939078812	69183155
751981962	69183155
1303242240827953152	29756120
1308414740348239874	548904824
255409050	1115697384
255409050	835415754245722112
255409050	867347845354893312
255409050	388745372
255409050	1297776372098555906
255409050	1017048997121257479
255409050	370622335
255409050	1046084008742801408
548904824	1310985558831722496
1299546000416108545	772359072901246976
1310985558831722496	548904824
1131234473125617664	1177052356925513728
1131234473125617664	255409050
935473170718408704	1637297856
1208421214831595525	1235976558877106177
1208421214831595525	1677409310
255409050	1221986688588636163
1096293217610358784	393823624
63433517	4066245673
3477788598	1698237368
255409050	854709638
255409050	1046084008742801408
1301430857811423235	1089167212638687232
1304270880919281665	571626410
1065562506410651649	1089167212638687232
2436764664	1089167212638687232
900352924307513345	891564038781415424
905284959891546115	891564038781415424
2588635674	548904824
1259246809857196033	1046084008742801408
1192802581929582592	1046084008742801408
1408025444	1089167212638687232
1007509797984276480	1251528582020493312
1007509797984276480	1177052356925513728
947474964378148864	947474964378148864
1108322170290077696	1177052356925513728
995857951804899329	1120032744061329408
1306993782018117632	1046084008742801408
255409050	1120618970749358080
1071260972432556033	1187636674269827073
2235560215	1187636674269827073
1120618970749358080	255409050
255409050	1305497948462088193
255409050	2982420716
255409050	2982420716
990572067065020416	2191873495
61379637	345819959
1152002719449640960	1046084008742801408
255409050	1209657767016812544
255409050	393823624
1101291607855325184	532083441
1101291607855325184	548904824
1137300260458385408	1210428303447740416
873461336373460992	393823624
377376551	374499593
554410962	874558344593195008
33419222	69183155
1306245612	393823624
634594503	829912272592003072
634594503	1046084008742801408
255409050	1051291349398376449
255409050	388745372
255409050	1297776372098555906
255409050	1017048997121257479
255409050	370622335
255409050	1046084008742801408
1300423008889180163	571626410
255409050	835415754245722112
255409050	867347845354893312
255409050	388745372
255409050	1297776372098555906
255409050	1017048997121257479
255409050	370622335
255409050	1046084008742801408
1217049018783584256	79974377
1217049018783584256	72274016
1302919373988884480	469164572
1011453981493682176	255409050
1011453981493682176	930214090714234881
1007509797984276480	1252047096800178178
71477512	393823624
255409050	3073932894
1208180639192641538	1183547136635363329
1383296580	2313143816
1383296580	393823624
1383296580	239306803
1383296580	255409050
1383296580	469164572
1383296580	239306803
1096413713542799366	571626410
1138444311266246658	255409050
1138444311266246658	911236861498032128
1138444311266246658	1046084008742801408
1296603859943428096	1273571387592945665
1138444311266246658	255409050
1138444311266246658	821295300
1138444311266246658	1223255692636590080
1138444311266246658	1046084008742801408
255409050	1079893982
255409050	1962865280
255409050	1079893982
255409050	788222900
1149667279707054085	17128975
141883833	255409050
1274221990979616769	1046084008742801408
1274221990979616769	982557721575608320
1124449352502501377	891564038781415424
1006951810546872326	1220337911247163398
548904824	1292282365083971585
255409050	1021725641736114176
1308355243030183936	69183155
1963793131	255409050
1963793131	1046084008742801408
2656794199	44435449
1293823477036625920	18129942
1214748233936691201	393823624
969453284753731584	255409050
982557721575608320	631662994
255409050	88425587
1244595784323960832	79994423
2351333924	1046084008742801408
2351333924	982557721575608320
1125404743780585472	1046084008742801408
255409050	16655021
255409050	16655021
255409050	88425587
548904824	1292282365083971585
155791316	2497342968
155791316	469164572
1051451290465628160	14282285
255409050	911236861498032128
255409050	1046084008742801408
239798611	69183155
167684258	69183155
1216272675288444930	29756120
1159301609429454848	69183155
761552058	69183155
1968524857	69183155
723622033	69183155
289180039	1046084008742801408
766801074200023040	548904824
57778039	393823624
255409050	948155111917871104
255409050	948155111917871104
1292282365083971585	548904824
255409050	249566492
255409050	1017048997121257479
255409050	370622335
255409050	1046084008742801408
3266660862	1046084008742801408
255409050	1251528582020493312
949525285828833280	23343960
255409050	1095332992858255360
255409050	821295300
255409050	1223255692636590080
255409050	1046084008742801408
255409050	1257235912884318208
255409050	1251528582020493312
255409050	1251528582020493312
536265074	255409050
2581522560	1046084008742801408
2581522560	1932992576
224604942	1068065299214163968
255409050	821295300
255409050	1223255692636590080
255409050	1046084008742801408
255409050	821295300
255409050	1223255692636590080
255409050	1046084008742801408
1269595567736320002	979237506343346177
255409050	961154639482646528
255409050	719254478
1223072246631030786	1253136598352277505
1223072246631030786	393823624
1106916824069767168	2937888488
79064931	393823624
3059813407	255409050
3059813407	1017048997121257479
3059813407	370622335
3059813407	1046084008742801408
255409050	1017048997121257479
255409050	1017048997121257479
255409050	370622335
255409050	1046084008742801408
1068065299214163968	13300802
3320092303	1046084008742801408
1297962158492225536	843715829707431937
1068065299214163968	1005821195202129922
251979253	1248083599254904833
632797119	393823624
63433517	860828858513211392
392392573	1068065299214163968
2601017347	29756120
1008879040961232896	1046084008742801408
255409050	100682129
1058489225148948480	1301895476346671105
1068065299214163968	3165935791
100682129	255409050
63433517	57778039
2295572846	719254478
1310861203304902658	548904824
1298725333496000514	571626410
1016648173	393823624
2432018480	393823624
891564038781415424	393823624
73841354	393823624
117189854	893313470208253953
117189854	22169698
117189854	1490116879
255409050	344538366
255409050	1292798514565529601
1281219739067482116	1046084008742801408
1254641402249572352	14282285
1224745422461140992	571626410
1607447598	893313470208253953
1607447598	22169698
1607447598	1490116879
1297002454203035648	1068065299214163968
1074872358404419584	735778879
772958531188162560	393823624
1068065299214163968	3332287233
308396720	255409050
941916333301567488	393823624
1027834052	1072906356280111104
243074905	393823624
4839252042	1084456172395016193
1127900192	255409050
1114304088869441536	201629418
4092647712	100447031
1068065299214163968	596932709
982557721575608320	996522663211237376
1070319488447344641	115004157
1070319488447344641	71436318
1070319488447344641	69492528
860132671673913345	1295358730716889095
2439316368	23343960
1020170292285517824	393823624
1304363076943192064	1216618978325352450
1155752171675111425	548904824
432398107	255866913
548904824	725430920
1088738100560285696	548904824
253548736	1046084008742801408
1297906786968596480	366987179
548904824	725430920
1898000406	393823624
1898000406	100447031
1070950532435468288	1084456172395016193
958585682758438912	893313470208253953
958585682758438912	22169698
958585682758438912	1490116879
1024256012595785730	549224093
1024256012595785730	1968554167
1024256012595785730	1046084008742801408
1205014154815229953	893313470208253953
1205014154815229953	22169698
1205014154815229953	1490116879
814643372346331136	893313470208253953
814643372346331136	22169698
814643372346331136	1490116879
807137046317780993	893313470208253953
807137046317780993	22169698
807137046317780993	1490116879
949525285828833280	893313470208253953
949525285828833280	22169698
949525285828833280	1490116879
828978994896785410	893313470208253953
828978994896785410	22169698
828978994896785410	1490116879
302417940	150589950
1135807891468836864	14282285
1135807891468836864	1286697064768786432
1135807891468836864	6053352
1135807891468836864	1177052356925513728
1135807891468836864	1165538036366446592
1135807891468836864	14282285
1135807891468836864	1482254538
1135807891468836864	1084456172395016193
1135807891468836864	1241016981865693186
1135807891468836864	1273190263121297409
1135807891468836864	1046084008742801408
1135807891468836864	1046084008742801408
1135807891468836864	1201673806156161025
1135807891468836864	1241016981865693186
1135807891468836864	1114710404012228608
1135807891468836864	1046084008742801408
1135807891468836864	1046084008742801408
121641505	135795460
1141623665303252992	548904824
121641505	135815019
635344986	982557721575608320
926295343347654656	150589950
1077734482797420544	548904824
318848480	1442658204
318848480	1046084008742801408
318848480	1135561049845817345
1442658204	1046084008742801408
1164359976619352064	1084456172395016193
334405164	1084456172395016193
1210883177184579584	14282285
499773390	61379637
69492528	115004157
69492528	71436318
69492528	69492528
420414709	893313470208253953
420414709	22169698
420414709	1490116879
1159294639	1084456172395016193
234668411	115004157
234668411	115004157
234668411	71436318
234668411	69492528
1153225858674331648	548904824
982557721575608320	634159957
758971286563328000	1084456172395016193
115004157	71436318
115004157	69492528
3129717788	548904824
1183399252271214592	1141313433041641475
830563305970233344	1228780418
830563305970233344	928308639315648512
1228780418	928308639315648512
255409050	1239067846790885376
58145444	78596326
255409050	477713865
255409050	477713865
548904824	1220227653610819585
1220227653610819585	548904824
1291588688028168192	1046084008742801408
1119501042842882048	1046084008742801408
2233817286	1046084008742801408
1079265175872536576	1046084008742801408
969209559653822469	893313470208253953
969209559653822469	22169698
969209559653822469	1490116879
63433517	25751313
462753214	154102750
153997183	154102750
153997183	43088704
1026143787863560192	982557721575608320
1054624393555468288	69183155
1014503309820882947	1010734654041698304
1088270024874151936	809758186479566848
460213204	982557721575608320
1200955923893608448	548904824
1200955923893608448	548904824
1200955923893608448	548904824
342660492	982557721575608320
342660492	548904824
127806212	982557721575608320
2290703454	1046084008742801408
1292320514384359424	982557721575608320
720599813079896064	393823624
720599813079896064	1288684029022056449
720599813079896064	43088704
720599813079896064	1187281119978258432
80480905	982557721575608320
3193120159	255409050
3193120159	1194226675950616578
1248399448822046729	255409050
1248399448822046729	1194226675950616578
255409050	1194226675950616578
1068065299214163968	1360123916
854212466762326016	1046084008742801408
1077993423108370432	1077993423108370432
1068065299214163968	1262859777148743681
360685334	893313470208253953
360685334	22169698
360685334	1490116879
1224459274547421184	1260478334330384385
255409050	139094252
392540370	69183155
893313470208253953	22169698
893313470208253953	1490116879
77420045	1262859777148743681
77420045	1068065299214163968
77420045	1262859777148743681
77420045	1068065299214163968
595403087	393823624
77420045	1262859777148743681
77420045	1068065299214163968
1046658796641124352	14282285
255409050	257416226
17057839	135795460
776306895514501120	393823624
1263732791574814721	809758186479566848
1286371459	809758186479566848
3308687323	135795460
275559402	69183155
1297701184812101632	571626410
1178569123111899147	69183155
1142680057309065217	759692754985242625
900352924307513345	346339217
255409050	4461068178
544923250	2392460208
1673682660	14282285
1301777601799753730	1163670650
1301777601799753730	18158130
1301777601799753730	1218109158399983616
1301777601799753730	959660221143461889
1301777601799753730	260686783
1220644078158696448	1241016981865693186
179010940	1163670650
179010940	18158130
179010940	1218109158399983616
179010940	959660221143461889
635867144	69183155
142217629	1163670650
142217629	18158130
142217629	1218109158399983616
142217629	959660221143461889
89765991	1163670650
89765991	18158130
89765991	1218109158399983616
89765991	959660221143461889
74968685	69183155
2241693296	16734434
1207658530980818945	548904824
548904824	1207658530980818945
1207658530980818945	548904824
1068065299214163968	1303750578263089152
1068065299214163968	1289814357317058560
1068065299214163968	1287750315907801088
1068065299214163968	1246308367724765184
1195160942947913728	69183155
577757039	260686783
1072784059447689216	69183155
2789615713	69183155
111278599	69183155
713296414982340608	69183155
715667594	69183155
1309332097488678912	1219622940435632130
624694353	809758186479566848
835389409	69183155
979137941749379072	69183155
835389409	69183155
1010907261533687809	1113285155899072513
1298926592492597248	69183155
1309526327586820097	548904824
573508257	69183155
220519310	117949111
235954048	69183155
2187512586	69183155
103266725	1047426981317378054
61379637	805068750
1286213728048824320	69183155
409745359	69183155
726755455	69183155
1634551123	255409050
1634551123	1154600251480612864
1634551123	3616332019
86267448	41462426
86267448	581492324
1205140684757323776	1163670650
1205140684757323776	18158130
1205140684757323776	1218109158399983616
1205140684757323776	959660221143461889
18158130	1163670650
18158130	18158130
18158130	1218109158399983616
18158130	959660221143461889
4184722512	69183155
100541385	17588443
142217629	18158130
142217629	1218109158399983616
142217629	4923019812
244577922	69183155
1206495367161765888	1113798915449483265
1664608862	69183155
1247399715546599424	69183155
255409050	72101997
1131107343477772288	69183155
232015016	69183155
1083009250014588929	69183155
2570214191	117949111
2570214191	393823624
1706546101	69183155
1032908002448134144	255409050
98495545	17588443
1002722272690384896	1201673806156161025
1301064380264538112	393823624
30648872	17588443
556115232	529165284
556115232	1068065299214163968
991490163166429185	260686783
4707420859	260686783
3184146601	69183155
573216713	69183155
1851390476	393823624
1181461026039926785	255409050
36988709	1023114824
1241047456562868224	69183155
3098599274	18129942
296476161	18129942
1141580179317280768	393823624
3194047494	14282285
509191188	260686783
295507436	260686783
1068065299214163968	1264364203214639105
1309395210300866560	753041497109528578
331380885	260686783
1205140684757323776	260686783
954735710342270976	260686783
110727388	255409050
1141712950333325312	1056613260676423680
1141712950333325312	14282285
3697129159	759692754985242625
986263636179017728	260686783
1246341963420295168	1201673806156161025
1199532309046628352	1307946297060519936
550767533	14282285
1273639829511667712	1183547136635363329
255409050	1154600251480612864
255409050	3616332019
255409050	1154600251480612864
255409050	3616332019
59101811	759692754985242625
1115408754302828549	1274511424211939329
1115408754302828549	1281432143327944704
951894346164350977	69183155
900352924307513345	891564038781415424
900352924307513345	393823624
144161284	712276389286686721
144161284	43088704
144161284	3184723542
1970421200	69183155
1070338952475828225	69183155
255409050	1066993367630790656
1279924004279644160	69183155
56023178	18071520
458256189	69183155
23873832	1155399097387384832
179382332	135795460
58145444	135795460
548387924	393823624
2313672350	135815019
891564038781415424	393823624
231355136	393823624
1162223272353644546	41730943
1258800298606223361	135795460
405207567	3266994066
1209644431	231355136
1276346304	1276346304
1214712160523173889	712276389286686721
1214712160523173889	43088704
1214712160523173889	3184723542
1191991749993873410	712276389286686721
1191991749993873410	43088704
1191991749993873410	3184723542
1252448470704652290	14282285
712276389286686721	43088704
1013716135785533445	18129942
74673980	124390203
745490115066109952	982557721575608320
1290125732790718465	1046084008742801408
1068065299214163968	3102773768
1047388322979405824	3262569906
75329452	177848697
98846045	480224156
1165850944778555392	14282285
1308645657360527360	14282285
548904824	1205047011944173569
1003635627374415874	14282285
1241626709541007360	1004156420
1241626709541007360	19061746
1205140684757323776	177848697
2532085091	69183155
109865696	22126902
1298926592492597248	69183155
1293710409438904320	69183155
292255033	69183155
346685816	393823624
1071088162372370432	255409050
1140944216522031106	1140166932701646849
903835939683704836	157502810
903835939683704836	1201673806156161025
885850874	47274731
555870705	456426648
2932955808	14282285
3102773768	244478256
3102773768	1068065299214163968
158717134	1047426981317378054
1174967534782599170	22126902
270872532	14282285
270872532	572613285
3488312593	177848697
124171593	124171593
1067413164155854848	14282285
993091262	393823624
255409050	296025593
1244520486630862848	22126902
1301985819482234880	108424611
249712872	393823624
1188223539083530240	17600950
1300723048379641857	18071520
1594481414	22126902
1594481414	22126902
1594481414	23343960
1284765740290043905	22126902
1272463567602585600	22126902
159853017	23343960
239336069	23343960
446186741	22126902
1217495116186652672	393823624
1278206831530176512	1047426981317378054
1290668613213360129	1165538036366446592
1247876119459549187	393823624
255409050	296025593
1229294978859331584	177848697
1254970986379665409	1238012525129560064
1089167212638687232	393823624
3144659070	14282285
59479924	255409050
59479924	59479924
1148934194308927490	11852532
255409050	59479924
354729725	87219958
907396004449738752	393823624
255409050	1137556979243659265
194590819	22126902
986263636179017728	22126902
1083253856027332608	22126902
1287139823124275201	14282285
2721055424	6000262
33247169	23343960
255409050	4098721
1238017198817337345	393823624
255409050	136566856
1255779730739118080	1298251880682778624
1285828525027545088	1201673806156161025
255409050	4386321
239842652	1049789345589157889
239842652	393823624
239842652	1049789345589157889
1049789345589157889	393823624
1351146206	177848697
82260385	2892733706
971225875	1295628697018306560
892401236590305280	976722781088841728
1170725258	177848697
2290871040	393823624
548904824	150971297
2476319472	177848697
4892164430	393823624
846318338955366405	1001041457187250176
1177922291654545408	1296823071672688643
2481604064	177848697
89664544	177848697
1001799036674850817	548904824
1073811605140336642	177848697
72994945	177848697
1219092275986198529	1201673806156161025
1092401416562298880	1090095053186293760
1092401416562298880	1046084008742801408
1252938031272583168	393823624
564544024	393823624
439873216	10228272
1234119920280932356	393823624
1234119920280932356	1288684029022056449
1234119920280932356	43088704
1234119920280932356	1187281119978258432
153710055	393823624
1302505466208030725	393823624
440539804	393823624
81122442	393823624
255409050	1298252811549806593
82277118	393823624
1298252811549806593	255409050
90809267	393823624
2177684286	393823624
2177684286	393823624
255409050	136566856
1087659345767067650	393823624
255409050	255409050
1239030710	393823624
1262282579102715904	2855261
1262282579102715904	128956932
1006453164659204096	393823624
86487592	393823624
1519839584	393823624
1130539621	393823624
255409050	136566856
255409050	393823624
745558237	393823624
2390183970	393823624
22138948	393823624
2777807606	393823624
1088270024874151936	393823624
2340702241	393823624
1165721556422578176	393823624
203956775	393823624
263177309	393823624
251544764	393823624
1255779730739118080	517464711
1149238471355072512	1046084008742801408
1255779730739118080	1295192320422207489
61683377	480224156
255409050	179430435
255409050	179430435
1286942900509503489	154072765
255409050	23335796
1145544741129375744	1084456172395016193
98851773	754460
4892164430	393823624
1183037206077689857	1226278445560152065
2274323036	14282285
548904824	6161522
255409050	4386321
255409050	174971238
255409050	4386321
255409050	174971238
1280672590390898690	117437980
255409050	2419932986
255409050	3131048062
255409050	2419932986
255409050	3131048062
62717511	393823624
580648404	1068065299214163968
580648404	63433517
1101062708323971072	393823624
1100354280	1074359467939049473
1255779730739118080	1145754329283870720
152158693	1185410692448309248
1214093688248266752	4187275698
803796558898544640	393823624
1290273723778387973	292085330
1278390490237263873	393823624
1255779730739118080	144989939
549854969	396349387
56060212	548904824
782035211567570944	126557271
1156845421261537280	14282285
725525892651339777	393823624
255409050	22723294
103165754	393823624
347712221	31686175
347712221	469164572
1124540757644152837	393823624
1124540757644152837	100447031
1124540757644152837	4923019812
1124540757644152837	949184846
1124540757644152837	809758186479566848
518114311	393823624
949184846	393823624
1305003600670670850	1299242817072504832
1305003600670670850	936146334268121093
1519839584	393823624
1088270024874151936	393823624
1016648173	393823624
184362486	393823624
81122442	393823624
1866224887	393823624
1136483607650787328	393823624
165752815	393823624
323810023	393823624
946213890139942912	393823624
871428672	393823624
244461732	393823624
1264167516269457408	393823624
3391398021	393823624
377253347	393823624
715667594	393823624
1177908107910926336	445979674
1177908107910926336	1167056637963599874
1177908107910926336	1241016981865693186
540657890	154072765
1256806998709899264	1241016981865693186
1255779730739118080	1234641016830840832
912424368	469164572
255409050	243298593
232843736	18071520
1014876545247301632	1046084008742801408
1236905697289199616	470280564
1259096141292957696	1068065299214163968
68625813	17588443
304383364	304383364
1068065299214163968	876181904608837632
1068065299214163968	63433517
1068065299214163968	1139183032244424706
982557721575608320	1253703684044648453
548904824	102921433
892775755972620289	366987179
1229572733954076674	519276267
102921433	548904824
1249014947398340608	1249302803299762177
209467064	17588443
599251525	100447031
1068065299214163968	1272474127
1068065299214163968	63433517
1270532610591092736	9237922
1249242650747666432	1204379119741390848
1068065299214163968	596932709
420947212	38903784
3435602904	1210428303447740416
493750045	20536157
1203224227102375936	1173132023969398790
78191510	100447031
82552414	1414962122
1173417308716273664	982557721575608320
1173417308716273664	982557721575608320
548904824	725501270
1299242817072504832	936146334268121093
4490315233	1904964794
61388496	47817704
1300078350031970304	1288844372457304065
2281841341	1196688967040524288
258653146	100447031
230167682	154072765
876746362422829056	1904964794
158335725	154072765
725501270	548904824
4875997016	154072765
849799685258657792	10228272
2159271934	1204920439530590209
2159271934	964814826462527488
797062480220418048	830608387
797062480220418048	255409050
797062480220418048	2988704069
309459024	154072765
3301538405	1239067846790885376
3301538405	1184094015505031168
1253317591877079048	154072765
1122517030861557760	154072765
2184200894	14282285
1169218076161691650	154072765
1307001629292392448	1046084008742801408
1297533746	14282285
1205140684757323776	1904964794
255409050	1089454075706408960
255409050	893748645425668097
982557721575608320	2823236154
1687108519	17588443
2920216747	2494045658
2920216747	1046084008742801408
1275729842005311489	1036831493878767617
1305337926507618304	1261657464027574272
1026056082450395136	1131192828250341377
3301538405	1184094015505031168
883689372633006085	982557721575608320
255409050	1690771675
425713595	110072084
255409050	179430435
487257216	1014489993442557953
179430435	255409050
179430435	255409050
989187206513278977	1261657464027574272
1272467211630731269	812247552
46458063	100447031
1312475174	287515868
255409050	1690771675
2614834184	61379637
1521128862	61379637
1107654933422075906	2494045658
1107654933422075906	1046084008742801408
1181774851289141248	14282285
1181774851289141248	1216571933602353152
1181774851289141248	1044159746280873984
2283193362	1562201468
957482702	957482702
1044224018	1258989740
1049973106956066816	82552414
890217062	135815019
1243694040224157696	135815019
255409050	1296122828769488896
255409050	1296122828769488896
1227209471891402754	1201673806156161025
46647466	893313470208253953
46647466	30648872
1259654959139745792	4187275698
1213126229399748608	982557721575608320
1421961343	123477306
1421961343	920287659246862338
1421961343	1212335103512199168
1421961343	26564021
1421961343	3269588773
1421961343	23818581
2725209464	61379637
2725209464	61379637
1163259520027488256	50287061
479491094	4187275698
1302494456860438528	548904824
1159450256	2494045658
1159450256	1046084008742801408
1179975071470800898	1046084008742801408
4144624752	1374218318
827229247	760955376
1240887602288320512	759692754985242625
893313470208253953	69183155
548904824	884419997329571840
255409050	1128207505576697857
1301004172574162944	2494045658
1301004172574162944	1046084008742801408
1285489935110164480	26970305
1300723048379641857	23343960
1201516670688194560	885230157560033280
903229259417739265	14282285
1178353741814087680	2494045658
1178353741814087680	1046084008742801408
1132788615262507009	548904824
1078614368865013760	393823624
1129592882669576192	4187275698
1298243108811857920	3088062864
1298243108811857920	1046084008742801408
1232313029393469441	69183155
1232313029393469441	135815019
3099188544	2494045658
3099188544	1046084008742801408
1231769206875512833	1187284958370398209
1021696455663177728	1046084008742801408
63433517	1305738341376167938
1011294620402139137	4187275698
1104556101146619905	1177181039292112896
902016018314174464	69183155
1344119798	4187275698
594594508	4187275698
548904824	375363
949983288	4187275698
1297582751340625920	1046084008742801408
99056770	4187275698
1106344658102177792	4187275698
100356743	4187275698
544923250	4187275698
914185698	4187275698
3000832766	4187275698
976472787337428993	4187275698
283474953	4187275698
35382723	4187275698
290537559	4187275698
1136268965229891584	128449803
1056107640269357056	255409050
937347722062970880	1194534812838531072
77402087	69183155
611711151	61379637
1009060357623590914	928308639315648512
1196688967040524288	270471441
562883937	69183155
1229613753324294144	69183155
1071041102055014400	69183155
741330930	69183155
345765306	151261945
2520073063	69183155
80842796	69183155
1237269075727765505	61379637
306627493	376601151
2607464850	1046084008742801408
1116745456854298625	1497761209
998969766	1261176298698760192
1040587903271821315	2494045658
1040587903271821315	1046084008742801408
1303222237965643776	2494045658
1303222237965643776	1046084008742801408
1068065299214163968	843748398435987456
1134851446162186241	719254478
484490033	3019719920
484490033	469164572
1115267194844114947	1135238233015480321
1247975088953020416	571626410
1247975088953020416	1231495702296944640
1247975088953020416	1280523900741234694
